UAV1=[[array([9.5, 0.5, 1. ])], array([9.48, 0.42, 0.87]), array([9.65, 0.67, 0.76]), array([9.38, 0.67, 0.77]), array([9.25, 1.01, 0.88]), array([9.23, 1.25, 0.76]), array([8.9 , 1.48, 0.86]), array([8.65, 1.7 , 0.96]), array([8.46, 1.92, 1.12]), array([8.02, 2.2 , 1.29]), array([7.58, 2.61, 1.51]), array([7.26, 2.93, 1.68]), array([6.65, 3.08, 1.73]), array([6.02, 3.62, 1.83]), array([5.37, 4.5 , 2.29]), array([4.39, 5.45, 2.45]), array([3.78, 6.41, 2.8 ]), array([2.88, 7.39, 3.05]), array([2.08, 8.03, 3.17]), array([1.43, 8.53, 3.55]), array([1.32, 8.99, 3.71]), array([0.94, 9.22, 4.03]), array([0.47, 9.34, 3.81])]

UAV1=[[array([9.5, 0.5, 1. ])], array([9.4 , 0.64, 1.06]), array([9.28, 0.87, 0.96]), array([9.12, 0.79, 1.2 ]), array([8.93, 1.09, 1.3 ]), array([8.71, 1.29, 1.52]), array([8.49, 1.8 , 1.36]), array([8.11, 2.24, 1.59]), array([7.52, 2.61, 1.65]), array([6.96, 3.13, 1.87]), array([6.23, 3.48, 1.95]), array([5.74, 4.15, 2.24]), array([5.  , 4.87, 2.56]), array([4.19, 5.87, 2.65]), array([3.19, 6.56, 3.03]), array([2.5 , 7.32, 3.15]), array([2.01, 8.  , 3.32]), array([1.55, 8.31, 3.72]), array([1.16, 9.12, 4.19]), array([0.79, 9.43, 4.15])]



UAV2=[[array([9.5, 9.5, 1. ])], array([9.1 , 9.23, 1.42]), array([8.23, 8.49, 1.61]), array([7.23, 7.49, 1.99]), array([6.23, 6.49, 2.03]), array([5.23, 5.49, 2.67]), array([4.23, 4.61, 2.78]), array([3.23, 3.61, 3.03]), array([2.32, 2.61, 3.43]), array([1.64, 1.83, 3.68]), array([1.29, 1.16, 3.5 ]), array([0.78, 0.69, 3.89])]


UAV3=[[array([5. , 0.5, 1. ])], array([5.35, 1.02, 1.  ]), array([5.12, 1.81, 1.43]), array([5.15, 2.81, 1.76]), array([4.99, 3.64, 1.71]), array([4.86, 4.47, 1.47]), array([4.66, 5.47, 1.66]), array([4.71, 6.37, 2.22]), array([4.6 , 7.33, 3.09]), array([4.79, 8.22, 3.6 ]), array([4.72, 8.73, 3.66]), array([5.12, 8.93, 3.76]), array([5.  , 9.2 , 4.05])]
